Baltimore -77.06641 39.50277 -76.32174 38.96228
Boston -71.47283 42.77188 -70.51977 41.97962
BostonDowntown -71.18546 42.51851 -70.80440 42.20400
Chicago -88.8356 42.4114 -87.0943 41.5524
ChicagoOHareInset -88.8356 42.4114 -87.0943 41.5524
Dallas-FtWorth -97.67542 33.26704 -96.33303 32.43430
Detroit -84.09062 42.74720 -82.77999 41.89962
DowntownManhattan -74.11976 40.79701 -73.90397 40.64435
EasternLongIsland -73.58236 41.21590 -71.83249 40.45467
GrandCanyonGeneralAviation -114.12798 36.64432 -111.31540 35.61086
HoustonNorth -95.74649 30.32768 -94.80690 29.63058
HoustonSouth -95.74450 29.90108 -94.80787 29.18611
LosAngelesEast -118.07266 34.25275 -116.99927 33.40778
LosAngelesWest -119.23218 34.50263 -118.03710 33.65488
NewYork -74.60732 41.18282 -73.29121 40.43584
USGulfCoast -97.99320 30.81321 -84.43529 25.62175
Washington -77.11882 38.95400 -76.94191 38.77816
